[-3.14159265 -2.61799388  0.          0.        ]
[-3.14159265 -2.44346095  0.          0.        ]
[-3.14159265 -2.26892803  0.          0.        ]
[-3.14159265 -2.0943951   0.          0.        ]
[-3.14159265  1.04719755  0.          0.        ]
[-3.14159265  1.22173048  0.          0.        ]
[-3.14159265  1.3962634   0.          0.        ]
[-3.14159265  2.0943951   0.          0.        ]
[-3.14159265  2.61799388  0.          0.        ]
[-2.96705973 -1.91986218  0.          0.        ]
[-2.96705973  0.87266463  0.          0.        ]
[-2.96705973  2.61799388  0.          0.        ]
[-2.7925268  -1.57079633  0.          0.        ]
[-2.7925268   1.04719755  0.          0.        ]
[-2.7925268   2.26892803  0.          0.        ]
[-2.7925268   2.44346095  0.          0.        ]
[-2.61799388 -0.34906585  0.          0.        ]
[-2.61799388  2.26892803  0.          0.        ]
[-2.26892803  1.04719755  0.          0.        ]
[-1.91986218 -2.44346095  0.          0.        ]
[-1.3962634  -2.26892803  0.          0.        ]
[-1.22173048 -3.14159265  0.          0.        ]
[-1.22173048  2.44346095  0.          0.        ]
[-1.22173048  2.96705973  0.          0.        ]
[0.6981317  2.96705973 0.         0.        ]
[ 0.87266463 -0.87266463  0.          0.        ]
[ 1.04719755 -3.14159265  0.          0.        ]
[ 1.04719755 -1.3962634   0.          0.        ]
[ 1.22173048 -3.14159265  0.          0.        ]
[ 1.22173048 -1.57079633  0.          0.        ]
[ 1.74532925 -3.14159265  0.          0.        ]
[ 2.0943951  -1.74532925  0.          0.        ]
[ 2.7925268  -1.04719755  0.          0.        ]
[ 2.7925268 -0.6981317  0.         0.       ]
[2.7925268  0.17453293 0.         0.        ]
[2.7925268 1.3962634 0.        0.       ]
[2.7925268  1.57079633 0.         0.        ]
[2.7925268  1.74532925 0.         0.        ]
[2.96705973 0.         0.         0.        ]
[2.96705973 0.6981317  0.         0.        ]
[-2.71286456  1.07304715  0.          0.        ]
[-2.79315444  1.25628882  0.          0.        ]
[-1.15298689  0.79071872  0.          0.        ]
[-2.86140358  1.41845413  0.          0.        ]
[-2.83907158  1.02456076  0.          0.        ]
[-2.94441773  1.37578379  0.          0.        ]
[-2.91925174  1.12611449  0.          0.        ]
[-2.8272501   0.77582876  0.          0.        ]
[-1.11636261  0.88951291  0.          0.        ]
[-2.9961162   1.21736376  0.          0.        ]
[-2.99582796  0.98724242  0.          0.        ]
[-3.12641265  1.28378986  0.          0.        ]
[-3.03837721  2.10614802  0.          0.        ]
[-3.23421597  1.60816489  0.          0.        ]
[-1.21712866  1.32192486  0.          0.        ]
[-3.10749157  2.18117938  0.          0.        ]
[-3.28705616  1.50830564  0.          0.        ]
[-3.05063051  2.31616726  0.          0.        ]
[-3.37131529  1.65026503  0.          0.        ]
[-2.94218307  2.42956973  0.          0.        ]
[-3.11891387  2.39025432  0.          0.        ]
[-3.35580791  2.23344433  0.          0.        ]
[-3.39621996  2.345154    0.          0.        ]
[-3.4412395   2.29492763  0.          0.        ]
[-3.47625706  2.24012514  0.          0.        ]
[-3.50228269  2.18117938  0.          0.        ]
[-1.6279276   2.10005133  0.          0.        ]
[-3.05813298  2.57988219  0.          0.        ]
[-3.43056488  2.45403943  0.          0.        ]
[-1.44553147  1.99361625  0.          0.        ]
[-3.66132302  2.345154    0.          0.        ]
[-3.6987463   2.14320991  0.          0.        ]
[-3.56685837  2.62066507  0.          0.        ]
[-3.64124227  2.57009555  0.          0.        ]
[-3.69644626  2.51422107  0.          0.        ]
[-3.82887279  1.97640075  0.          0.        ]
[-3.71232373  1.61868079  0.          0.        ]
[-3.87666149  1.91430148  0.          0.        ]
[-3.84572299  1.82630655  0.          0.        ]
[-4.05772403  2.26038412  0.          0.        ]
[-4.03478678  2.18117938  0.          0.        ]
[-3.94722449  1.93108992  0.          0.        ]
[-3.83503918  1.65553594  0.          0.        ]
[-1.16679064  2.11226685  0.          0.        ]
[-1.71979068  2.79608026  0.          0.        ]
[-4.21958378  2.50532664  0.          0.        ]
[-4.11919336  2.19405926  0.          0.        ]
[-3.84788624  1.56613096  0.          0.        ]
[-0.81132747  1.57138413  0.          0.        ]
[-1.14025068  2.20054399  0.          0.        ]
[-1.27140694  2.43764775  0.          0.        ]
[-4.30783347  2.43764775  0.          0.        ]
[-3.95025393  1.67136345  0.          0.        ]
[-3.90164931  1.57138413  0.          0.        ]
[1.55737777 2.88463565 0.         0.        ]
[1.5881627  2.65326221 0.         0.        ]
[1.24257337 2.66458013 0.         0.        ]
[-0.73760504  2.35995853  0.          0.        ]
[1.43990856 2.42956973 0.         0.        ]
[0.8429107  2.42956973 0.         0.        ]
[1.68421806 1.10270552 0.         0.        ]
[0.62327002 1.53986028 0.         0.        ]
